
array[ 1000 ][ 10 ] = {
 { 32, 75, 51, 68, 42, 49, 38, 17, 88, 71 },
 { 73, 21, 10, 76, 17, 35, 26, 83, 79, 89 },
 { 51, 77, 67, 10, 24, 42, 39, 31, 30, 53 },
 { 57, 14, 74, 90, 53, 12, 59, 94, 36, 84 },
 { 15, 36, 23, 74, 39, 57, 48, 18, 46, 51 },
 { 47, 65, 52, 61, 60, 43, 44, 42, 50, 89 },
 { 99, 24, 41, 15, 78, 53, 66, 89, 14, 92 },
 { 12, 79, 67, 42, 88, 16, 87, 19, 50, 52 },
 { 61, 63, 64, 94, 60, 96, 90, 10, 48, 51 },
 { 76, 79, 56, 16, 84, 55, 73, 74, 22, 65 },
 { 38, 91, 33, 70, 41, 73, 28, 62, 75, 24 },
 { 90, 49, 70, 50, 46, 22, 12, 84, 64, 78 },
 { 25, 20, 85, 62, 66, 58, 36, 78, 75, 64 },
 { 31, 60, 87, 24, 13, 22, 95, 66, 28, 42 },
 { 39, 29, 64, 80, 65, 77, 82, 49, 93, 23 },
 { 27, 13, 98, 79, 31, 18, 67, 61, 83, 44 },
 { 96, 70, 59, 99, 82, 54, 65, 31, 34, 61 },
 { 53, 24, 93, 71, 91, 75, 20, 46, 88, 89 },
 { 49, 48, 68, 33, 56, 35, 46, 92, 19, 81 },
 { 88, 79, 92, 87, 24, 98, 15, 45, 32, 64 },
 { 58, 37, 40, 51, 98, 31, 79, 71, 67, 29 },
 { 60, 69, 68, 29, 54, 76, 16, 90, 25, 33 },
 { 56, 57, 77, 96, 71, 75, 63, 68, 59, 79 },
 { 27, 87, 20, 68, 47, 93, 99, 70, 23, 29 },
 { 31, 44, 87, 12, 88, 63, 18, 40, 84, 86 },
 { 26, 92, 43, 93, 88, 14, 69, 51, 72, 80 },
 { 31, 51, 67, 93, 20, 86, 71, 37, 99, 90 },
 { 20, 43, 77, 22, 83, 93, 24, 39, 31, 40 },
 { 31, 64, 85, 20, 68, 16, 23, 92, 87, 96 },
 { 44, 16, 89, 73, 76, 77, 63, 37, 68, 71 },
 { 97, 48, 16, 52, 83, 30, 81, 14, 22, 13 },
 { 68, 98, 75, 88, 14, 80, 53, 47, 76, 60 },
 { 36, 44, 33, 64, 22, 86, 54, 42, 77, 39 },
 { 60, 83, 44, 43, 14, 25, 99, 78, 80, 67 },
 { 38, 55, 95, 44, 87, 48, 43, 26, 98, 31 },
 { 60, 32, 48, 72, 70, 92, 66, 82, 69, 96 },
 { 42, 52, 92, 37, 18, 17, 36, 87, 88, 55 },
 { 25, 95, 62, 20, 91, 50, 59, 34, 28, 57 },
 { 56, 78, 41, 94, 51, 12, 86, 17, 46, 65 },
 { 41, 59, 19, 68, 27, 57, 17, 67, 64, 84 },
 { 62, 27, 95, 54, 29, 16, 78, 47, 25, 86 },
 { 25, 57, 42, 28, 21, 88, 87, 53, 50, 47 },
 { 25, 19, 67, 42, 28, 36, 61, 82, 20, 75 },
 { 61, 67, 29, 80, 73, 60, 27, 89, 98, 95 },
 { 98, 41, 23, 71, 21, 11, 28, 99, 17, 69 },
 { 98, 32, 40, 27, 26, 20, 15, 39, 54, 25 },
 { 14, 16, 83, 86, 48, 18, 98, 28, 59, 96 },
 { 75, 57, 89, 88, 28, 63, 52, 99, 62, 21 },
 { 30, 22, 95, 91, 73, 84, 96, 12, 38, 68 },
 { 96, 18, 16, 97, 27, 14, 25, 76, 63, 90 },
 { 86, 14, 40, 66, 67, 44, 65, 81, 55, 47 },
 { 93, 12, 59, 46, 75, 43, 42, 39, 34, 68 },
 { 60, 82, 76, 66, 79, 55, 71, 94, 32, 86 },
 { 46, 70, 90, 39, 36, 58, 73, 54, 81, 91 },
 { 85, 83, 13, 31, 21, 98, 26, 12, 84, 62 },
 { 67, 22, 29, 46, 68, 52, 93, 90, 38, 91 },
 { 22, 80, 30, 48, 38, 94, 92, 37, 46, 15 },
 { 20, 11, 36, 83, 99, 14, 86, 46, 88, 10 },
 { 13, 63, 81, 49, 31, 33, 94, 73, 23, 86 },
 { 85, 94, 68, 33, 84, 62, 78, 14, 51, 76 },
 { 19, 24, 77, 98, 97, 38, 12, 45, 74, 53 },
 { 46, 39, 16, 27, 41, 89, 13, 35, 62, 26 },
 { 73, 47, 72, 42, 32, 57, 56, 62, 61, 98 },
 { 90, 33, 22, 29, 31, 71, 58, 85, 17, 84 },
 { 38, 15, 76, 96, 84, 17, 85, 49, 94, 47 },
 { 66, 68, 46, 38, 10, 31, 47, 56, 83, 99 },
 { 16, 74, 32, 80, 93, 15, 52, 13, 90, 21 },
 { 50, 29, 26, 77, 62, 85, 25, 12, 79, 24 },
 { 30, 47, 61, 20, 99, 82, 58, 18, 65, 57 },
 { 76, 91, 41, 57, 47, 46, 99, 50, 36, 20 },
 { 52, 17, 88, 68, 47, 12, 15, 62, 14, 85 },
 { 76, 34, 84, 89, 97, 46, 71, 55, 54, 64 },
 { 82, 42, 95, 39, 79, 93, 38, 30, 81, 10 },
 { 72, 51, 88, 93, 91, 60, 12, 57, 45, 78 },
 { 44, 82, 68, 41, 28, 91, 86, 34, 80, 12 },
 { 16, 75, 59, 46, 54, 52, 36, 74, 85, 37 },
 { 99, 36, 77, 54, 24, 68, 14, 26, 12, 57 },
 { 60, 84, 77, 91, 64, 68, 39, 50, 11, 41 },
 { 18, 76, 90, 16, 30, 94, 43, 57, 79, 32 },
 { 18, 16, 99, 62, 82, 68, 28, 61, 46, 30 },
 { 18, 58, 66, 47, 49, 82, 15, 40, 32, 68 },
 { 71, 93, 44, 23, 99, 27, 17, 94, 36, 48 },
 { 26, 44, 54, 58, 89, 46, 38, 50, 82, 21 },
 { 20, 40, 77, 57, 41, 22, 24, 33, 96, 83 },
 { 56, 89, 79, 69, 96, 38, 83, 32, 62, 28 },
 { 45, 78, 38, 34, 76, 67, 36, 20, 46, 50 },
 { 17, 55, 43, 29, 69, 28, 26, 14, 74, 15 },
 { 84, 95, 56, 42, 85, 92, 27, 23, 54, 45 },
 { 58, 84, 36, 44, 60, 93, 70, 33, 68, 72 },
 { 40, 75, 67, 22, 97, 85, 38, 11, 21, 95 },
 { 85, 16, 14, 80, 91, 96, 97, 66, 50, 42 },
 { 77, 34, 68, 21, 46, 23, 44, 16, 12, 78 },
 { 39, 78, 97, 51, 75, 82, 41, 38, 93, 88 },
 { 24, 61, 92, 56, 14, 50, 53, 70, 52, 47 },
 { 47, 76, 68, 21, 74, 81, 55, 80, 57, 20 },
 { 71, 87, 17, 22, 24, 51, 15, 53, 44, 55 },
 { 29, 95, 48, 75, 61, 50, 28, 32, 93, 27 },
 { 31, 69, 85, 42, 96, 29, 49, 76, 99, 59 },
 { 49, 70, 46, 56, 44, 23, 98, 11, 66, 94 },
 { 56, 47, 52, 94, 22, 13, 97, 92, 35, 90 },
 { 19, 21, 95, 13, 17, 76, 53, 84, 75, 64 },
 { 85, 97, 62, 41, 93, 75, 91, 94, 86, 50 },
 { 40, 90, 97, 52, 93, 94, 96, 81, 84, 16 },
 { 90, 95, 63, 55, 13, 39, 60, 49, 66, 24 },
 { 34, 25, 77, 27, 18, 52, 71, 64, 46, 19 },
 { 14, 76, 99, 63, 81, 92, 57, 77, 73, 93 },
 { 45, 25, 51, 98, 33, 54, 89, 83, 55, 17 },
 { 60, 41, 32, 37, 20, 92, 81, 56, 39, 90 },
 { 61, 68, 51, 24, 49, 44, 34, 78, 69, 27 },
 { 24, 47, 68, 74, 70, 26, 53, 81, 33, 13 },
 { 74, 18, 92, 85, 10, 86, 28, 57, 25, 19 },
 { 70, 45, 22, 46, 84, 56, 25, 78, 50, 91 },
 { 25, 70, 65, 85, 97, 43, 90, 40, 29, 56 },
 { 15, 37, 10, 90, 86, 70, 46, 64, 41, 68 },
 { 99, 54, 15, 46, 10, 37, 61, 40, 77, 52 },
 { 55, 10, 69, 92, 97, 13, 45, 37, 32, 91 },
 { 94, 21, 53, 84, 10, 92, 55, 47, 56, 48 },
 { 15, 55, 92, 72, 53, 93, 10, 14, 33, 39 },
 { 18, 41, 39, 78, 33, 88, 43, 68, 27, 21 },
 { 72, 38, 27, 19, 26, 37, 65, 64, 95, 57 },
 { 67, 26, 12, 29, 82, 87, 59, 53, 28, 50 },
 { 83, 14, 39, 26, 34, 69, 95, 98, 93, 85 },
 { 25, 12, 75, 34, 80, 65, 51, 45, 60, 23 },
 { 54, 79, 91, 18, 99, 36, 95, 58, 76, 98 },
 { 24, 80, 89, 92, 14, 20, 87, 64, 34, 79 },
 { 16, 99, 65, 49, 64, 46, 76, 82, 90, 56 },
 { 35, 98, 55, 61, 65, 92, 31, 25, 16, 11 },
 { 67, 98, 68, 77, 47, 32, 81, 71, 64, 50 },
 { 71, 29, 89, 87, 36, 35, 64, 18, 77, 20 },
 { 43, 37, 27, 57, 82, 11, 14, 59, 70, 67 },
 { 26, 68, 35, 94, 20, 37, 39, 74, 77, 62 },
 { 93, 28, 12, 81, 15, 66, 89, 82, 38, 85 },
 { 19, 55, 94, 92, 89, 57, 58, 48, 27, 25 },
 { 65, 48, 13, 59, 16, 23, 86, 97, 49, 26 },
 { 60, 94, 44, 62, 76, 12, 80, 27, 84, 18 },
 { 64, 56, 25, 58, 48, 14, 68, 52, 85, 73 },
 { 69, 33, 76, 80, 91, 51, 29, 89, 90, 45 },
 { 11, 47, 41, 63, 23, 43, 95, 40, 80, 13 },
 { 57, 36, 80, 15, 84, 35, 88, 21, 19, 58 },
 { 44, 86, 38, 36, 89, 19, 77, 42, 54, 78 },
 { 79, 48, 93, 54, 43, 88, 46, 23, 53, 49 },
 { 33, 61, 37, 17, 86, 21, 57, 97, 31, 15 },
 { 94, 69, 96, 82, 20, 15, 59, 14, 22, 37 },
 { 83, 22, 30, 37, 55, 70, 36, 69, 23, 29 },
 { 70, 46, 80, 60, 53, 67, 71, 10, 26, 54 },
 { 68, 20, 75, 26, 54, 48, 31, 13, 52, 95 },
 { 92, 36, 17, 22, 25, 63, 44, 51, 84, 57 },
 { 33, 16, 93, 13, 66, 98, 32, 38, 61, 49 },
 { 44, 29, 21, 72, 97, 66, 20, 28, 31, 62 },
 { 24, 50, 31, 88, 28, 46, 33, 30, 80, 54 },
 { 37, 74, 20, 93, 34, 94, 83, 85, 43, 80 },
 { 66, 17, 52, 63, 73, 24, 44, 56, 38, 20 },
 { 70, 41, 59, 21, 40, 44, 42, 60, 24, 49 },
 { 49, 50, 21, 43, 37, 15, 78, 22, 11, 58 },
 { 41, 70, 62, 56, 95, 38, 90, 51, 67, 10 },
 { 22, 60, 94, 33, 71, 34, 67, 65, 84, 43 },
 { 66, 34, 46, 77, 29, 73, 45, 97, 47, 98 },
 { 18, 40, 68, 32, 87, 63, 61, 77, 14, 80 },
 { 78, 40, 34, 11, 58, 30, 66, 94, 26, 33 },
 { 80, 24, 62, 99, 87, 59, 86, 57, 29, 27 },
 { 25, 51, 14, 78, 12, 43, 45, 82, 73, 23 },
 { 22, 97, 77, 75, 17, 59, 42, 12, 37, 27 },
 { 82, 51, 41, 44, 90, 91, 93, 77, 48, 74 },
 { 56, 26, 25, 22, 28, 55, 91, 62, 81, 67 },
 { 37, 78, 44, 12, 86, 55, 96, 50, 83, 75 },
 { 32, 34, 17, 28, 77, 60, 21, 54, 98, 85 },
 { 62, 76, 63, 74, 33, 43, 81, 95, 32, 41 },
 { 39, 87, 79, 47, 83, 29, 30, 59, 13, 16 },
 { 28, 32, 83, 78, 95, 89, 38, 43, 51, 67 },
 { 96, 25, 90, 39, 97, 66, 86, 21, 62, 19 },
 { 52, 91, 58, 83, 38, 41, 64, 20, 30, 27 },
 { 32, 52, 62, 99, 91, 42, 93, 58, 90, 71 },
 { 10, 81, 30, 28, 68, 41, 80, 39, 46, 34 },
 { 87, 81, 62, 80, 46, 35, 33, 66, 14, 17 },
 { 70, 66, 69, 18, 23, 64, 33, 54, 87, 36 },
 { 17, 51, 56, 10, 32, 85, 98, 18, 72, 80 },
 { 32, 52, 78, 57, 37, 96, 61, 45, 66, 28 },
 { 15, 87, 88, 28, 51, 52, 58, 39, 36, 46 },
 { 98, 77, 92, 99, 61, 97, 69, 49, 39, 53 },
 { 17, 11, 81, 13, 63, 78, 31, 83, 19, 63 },
 { 60, 74, 14, 70, 65, 40, 16, 64, 69, 98 },
 { 25, 83, 75, 74, 14, 76, 96, 30, 73, 60 },
 { 63, 77, 23, 41, 98, 56, 76, 17, 39, 30 },
 { 51, 95, 52, 69, 87, 59, 33, 56, 57, 10 },
 { 91, 85, 74, 96, 61, 40, 54, 43, 14, 58 },
 { 81, 27, 89, 41, 35, 11, 13, 56, 83, 16 },
 { 51, 35, 75, 38, 84, 60, 47, 94, 22, 79 },
 { 49, 86, 40, 79, 41, 36, 83, 45, 84, 26 },
 { 25, 36, 20, 12, 53, 73, 15, 10, 56, 74 },
 { 13, 43, 11, 42, 80, 24, 41, 74, 36, 31 },
 { 53, 75, 18, 45, 17, 11, 71, 52, 98, 56 },
 { 31, 75, 82, 41, 78, 87, 66, 45, 74, 19 },
 { 91, 17, 21, 85, 87, 35, 78, 23, 99, 66 },
 { 89, 69, 64, 58, 32, 35, 10, 31, 43, 96 },
 { 77, 24, 36, 65, 80, 72, 14, 54, 81, 57 },
 { 24, 54, 42, 63, 41, 72, 77, 55, 95, 96 },
 { 93, 59, 54, 26, 47, 16, 99, 42, 38, 57 },
 { 20, 14, 84, 37, 47, 56, 93, 91, 89, 51 },
 { 67, 44, 83, 31, 75, 18, 98, 30, 80, 55 },
 { 78, 35, 15, 32, 13, 14, 39, 12, 46, 29 },
 { 60, 18, 33, 44, 97, 32, 90, 91, 24, 41 },
 { 42, 43, 75, 77, 64, 51, 85, 24, 33, 27 },
 { 32, 64, 53, 89, 86, 56, 93, 77, 21, 39 },
 { 58, 71, 10, 44, 67, 97, 66, 19, 88, 42 },
 { 50, 82, 76, 26, 60, 92, 29, 97, 69, 14 },
 { 25, 91, 68, 30, 80, 17, 38, 73, 46, 49 },
 { 64, 95, 72, 26, 39, 24, 48, 38, 51, 99 },
 { 66, 67, 59, 58, 48, 18, 27, 14, 33, 70 },
 { 35, 15, 50, 42, 44, 75, 78, 45, 92, 18 },
 { 18, 64, 99, 84, 22, 48, 11, 12, 89, 10 },
 { 68, 18, 21, 78, 29, 58, 22, 15, 28, 47 },
 { 20, 31, 41, 54, 96, 72, 90, 50, 97, 60 },
 { 21, 62, 59, 95, 36, 96, 38, 10, 58, 70 },
 { 69, 74, 78, 51, 32, 53, 56, 13, 52, 28 },
 { 34, 46, 73, 82, 18, 25, 33, 15, 37, 44 },
 { 29, 86, 91, 55, 98, 88, 45, 98, 41, 69 },
 { 30, 68, 99, 71, 52, 14, 79, 55, 19, 97 },
 { 79, 55, 32, 62, 25, 47, 82, 36, 81, 64 },
 { 23, 72, 19, 73, 22, 55, 71, 48, 92, 93 },
 { 68, 54, 64, 21, 20, 95, 66, 81, 92, 98 },
 { 36, 25, 22, 13, 24, 59, 86, 51, 40, 50 },
 { 26, 64, 21, 89, 39, 28, 22, 12, 29, 67 },
 { 95, 87, 73, 21, 98, 83, 16, 27, 65, 25 },
 { 53, 75, 37, 19, 90, 86, 57, 93, 78, 97 },
 { 19, 94, 70, 60, 33, 51, 34, 35, 53, 30 },
 { 57, 26, 41, 18, 62, 99, 35, 79, 98, 50 },
 { 32, 35, 39, 93, 25, 50, 70, 55, 99, 41 },
 { 49, 70, 91, 73, 21, 78, 98, 43, 31, 81 },
 { 90, 48, 22, 98, 62, 85, 41, 72, 35, 25 },
 { 97, 64, 19, 75, 41, 59, 45, 86, 39, 88 },
 { 81, 82, 61, 54, 60, 21, 87, 92, 39, 67 },
 { 90, 44, 41, 75, 13, 11, 62, 27, 61, 89 },
 { 21, 87, 97, 32, 26, 47, 13, 98, 57, 59 },
 { 72, 96, 93, 64, 35, 75, 31, 77, 71, 62 },
 { 53, 98, 27, 16, 50, 80, 33, 12, 31, 44 },
 { 23, 18, 94, 97, 34, 41, 10, 33, 92, 19 },
 { 44, 64, 15, 37, 80, 92, 12, 70, 87, 26 },
 { 75, 85, 96, 81, 35, 76, 66, 37, 97, 63 },
 { 12, 68, 57, 99, 92, 50, 77, 94, 70, 21 },
 { 58, 37, 10, 39, 82, 64, 93, 52, 51, 71 },
 { 27, 88, 67, 60, 24, 95, 26, 51, 55, 79 },
 { 54, 23, 88, 53, 67, 91, 15, 45, 85, 37 },
 { 56, 44, 65, 19, 35, 47, 73, 80, 51, 77 },
 { 13, 30, 65, 71, 80, 79, 66, 96, 83, 73 },
 { 38, 89, 86, 78, 94, 54, 69, 99, 55, 37 },
 { 97, 51, 54, 16, 38, 91, 42, 18, 71, 21 },
 { 62, 36, 44, 94, 68, 63, 52, 13, 80, 92 },
 { 23, 59, 86, 29, 28, 48, 70, 35, 37, 76 },
 { 43, 88, 14, 34, 30, 74, 28, 53, 48, 42 },
 { 41, 44, 36, 61, 97, 78, 64, 34, 21, 18 },
 { 99, 32, 57, 80, 50, 38, 84, 31, 14, 79 },
 { 19, 71, 13, 91, 97, 83, 44, 25, 76, 42 },
 { 13, 37, 39, 43, 54, 25, 62, 24, 76, 19 },
 { 94, 79, 66, 96, 17, 12, 28, 73, 81, 37 },
 { 96, 46, 81, 56, 25, 15, 58, 53, 47, 61 },
 { 43, 39, 57, 87, 16, 11, 49, 83, 40, 21 },
 { 77, 71, 36, 40, 42, 54, 13, 75, 43, 62 },
 { 22, 76, 70, 55, 54, 75, 14, 97, 65, 92 },
 { 14, 22, 79, 72, 76, 81, 55, 68, 92, 33 },
 { 39, 31, 21, 69, 25, 27, 34, 91, 22, 48 },
 { 65, 89, 18, 20, 43, 84, 24, 92, 59, 42 },
 { 85, 25, 16, 64, 87, 44, 97, 43, 12, 51 },
 { 28, 41, 35, 91, 62, 50, 18, 87, 93, 30 },
 { 35, 58, 19, 96, 31, 14, 80, 97, 91, 39 },
 { 82, 68, 98, 17, 42, 58, 12, 97, 99, 90 },
 { 34, 73, 53, 75, 81, 40, 68, 64, 27, 79 },
 { 35, 23, 10, 40, 55, 97, 89, 98, 33, 28 },
 { 87, 83, 88, 81, 41, 90, 40, 73, 31, 65 },
 { 98, 36, 92, 42, 66, 23, 96, 45, 54, 31 },
 { 21, 54, 23, 28, 13, 64, 27, 92, 87, 97 },
 { 41, 71, 85, 75, 64, 76, 67, 95, 11, 88 },
 { 23, 61, 24, 67, 93, 42, 51, 40, 86, 35 },
 { 51, 92, 48, 69, 96, 65, 50, 52, 46, 44 },
 { 75, 31, 19, 92, 59, 76, 87, 22, 27, 62 },
 { 36, 93, 82, 29, 24, 71, 28, 11, 96, 69 },
 { 93, 96, 90, 51, 61, 39, 92, 66, 37, 36 },
 { 93, 20, 97, 85, 70, 35, 44, 52, 49, 46 },
 { 31, 52, 34, 46, 23, 99, 71, 73, 92, 29 },
 { 25, 96, 43, 54, 88, 99, 24, 54, 73, 92 },
 { 76, 98, 27, 20, 51, 66, 43, 49, 50, 85 },
 { 35, 86, 98, 77, 85, 31, 12, 39, 50, 27 },
 { 35, 83, 34, 75, 44, 67, 51, 73, 24, 43 },
 { 49, 23, 22, 26, 40, 55, 65, 80, 90, 28 },
 { 90, 29, 65, 73, 83, 95, 23, 10, 82, 59 },
 { 86, 58, 93, 16, 61, 44, 79, 76, 39, 81 },
 { 51, 93, 67, 82, 10, 84, 62, 40, 36, 43 },
 { 82, 17, 98, 55, 90, 30, 52, 38, 79, 39 },
 { 48, 35, 97, 61, 69, 38, 37, 99, 19, 40 },
 { 12, 64, 59, 84, 43, 99, 56, 31, 42, 90 },
 { 38, 40, 45, 80, 48, 66, 33, 76, 97, 24 },
 { 76, 32, 73, 37, 92, 11, 27, 53, 57, 55 },
 { 89, 17, 92, 16, 12, 53, 62, 86, 47, 15 },
 { 24, 39, 50, 95, 77, 68, 80, 15, 66, 94 },
 { 81, 88, 67, 71, 42, 30, 50, 47, 93, 97 },
 { 55, 45, 66, 99, 51, 31, 52, 65, 17, 89 },
 { 70, 83, 28, 73, 40, 96, 93, 20, 11, 59 },
 { 66, 45, 10, 85, 68, 94, 16, 18, 42, 61 },
 { 15, 49, 96, 34, 48, 47, 17, 90, 65, 24 },
 { 41, 35, 59, 98, 90, 17, 54, 10, 71, 13 },
 { 29, 16, 65, 14, 74, 22, 72, 44, 34, 11 },
 { 55, 82, 35, 93, 94, 45, 47, 70, 76, 34 },
 { 30, 87, 85, 20, 95, 39, 72, 66, 94, 91 },
 { 34, 60, 58, 34, 30, 94, 40, 16, 95, 85 },
 { 89, 83, 40, 33, 77, 75, 32, 48, 13, 56 },
 { 30, 90, 93, 40, 47, 32, 64, 13, 27, 18 },
 { 89, 39, 66, 11, 63, 86, 57, 93, 55, 15 },
 { 40, 44, 88, 70, 29, 27, 97, 13, 10, 59 },
 { 47, 90, 53, 39, 38, 37, 56, 93, 54, 64 },
 { 45, 83, 30, 46, 98, 68, 56, 91, 23, 61 },
 { 31, 19, 11, 53, 38, 28, 50, 93, 46, 53 },
 { 45, 93, 58, 37, 31, 85, 83, 76, 92, 47 },
 { 21, 75, 67, 20, 74, 87, 66, 27, 11, 79 },
 { 11, 72, 80, 54, 63, 60, 95, 56, 58, 97 },
 { 99, 94, 90, 19, 31, 73, 95, 14, 50, 87 },
 { 51, 23, 24, 70, 85, 50, 57, 13, 30, 20 },
 { 82, 31, 83, 24, 37, 46, 75, 84, 92, 33 },
 { 44, 54, 79, 34, 63, 10, 60, 20, 66, 62 },
 { 59, 69, 37, 36, 39, 23, 38, 49, 78, 58 },
 { 21, 23, 41, 94, 37, 31, 92, 12, 15, 85 },
 { 88, 11, 91, 67, 36, 54, 30, 48, 27, 86 },
 { 10, 38, 56, 37, 64, 47, 12, 93, 48, 81 },
 { 13, 60, 94, 97, 16, 31, 28, 99, 86, 85 },
 { 46, 36, 87, 37, 93, 75, 43, 23, 60, 62 },
 { 75, 51, 70, 12, 15, 69, 67, 60, 18, 48 },
 { 64, 30, 42, 23, 36, 25, 41, 87, 11, 78 },
 { 33, 37, 65, 22, 83, 92, 18, 58, 67, 30 },
 { 72, 42, 71, 94, 97, 77, 64, 89, 34, 15 },
 { 16, 96, 28, 42, 21, 82, 75, 90, 67, 64 },
 { 17, 42, 99, 62, 50, 58, 29, 70, 82, 24 },
 { 42, 77, 73, 71, 93, 37, 60, 27, 91, 28 },
 { 33, 49, 46, 27, 22, 58, 61, 10, 29, 14 },
 { 69, 23, 13, 31, 63, 33, 96, 27, 73, 90 },
 { 50, 28, 79, 63, 45, 32, 81, 30, 33, 27 },
 { 99, 45, 37, 23, 85, 89, 94, 51, 59, 17 },
 { 54, 42, 70, 68, 45, 55, 26, 62, 73, 51 },
 { 14, 75, 69, 83, 38, 66, 67, 19, 48, 90 },
 { 89, 47, 88, 78, 60, 73, 68, 54, 24, 79 },
 { 61, 30, 21, 83, 88, 57, 39, 66, 19, 64 },
 { 17, 24, 39, 76, 59, 68, 42, 27, 80, 69 },
 { 28, 80, 57, 97, 92, 30, 27, 99, 96, 22 },
 { 27, 17, 96, 67, 26, 87, 34, 36, 13, 93 },
 { 12, 42, 70, 23, 62, 64, 92, 54, 97, 72 },
 { 77, 19, 31, 92, 48, 30, 88, 96, 43, 67 },
 { 66, 91, 87, 82, 78, 21, 70, 81, 14, 72 },
 { 75, 36, 48, 90, 91, 40, 44, 50, 92, 68 },
 { 27, 12, 52, 10, 56, 90, 31, 96, 49, 26 },
 { 64, 15, 17, 51, 87, 47, 24, 58, 80, 82 },
 { 17, 30, 97, 60, 61, 93, 10, 15, 24, 79 },
 { 69, 66, 79, 25, 18, 62, 22, 57, 78, 38 },
 { 24, 47, 79, 64, 84, 55, 22, 35, 56, 72 },
 { 42, 39, 31, 54, 90, 77, 57, 91, 85, 27 },
 { 19, 27, 42, 79, 16, 37, 20, 44, 13, 57 },
 { 75, 67, 42, 30, 79, 58, 56, 88, 82, 50 },
 { 27, 66, 95, 69, 43, 11, 26, 86, 87, 95 },
 { 14, 38, 74, 45, 44, 63, 55, 79, 67, 13 },
 { 54, 34, 97, 37, 66, 17, 45, 16, 90, 85 },
 { 33, 18, 42, 54, 51, 96, 70, 89, 45, 66 },
 { 46, 11, 94, 72, 38, 36, 54, 17, 55, 57 },
 { 24, 41, 16, 51, 59, 75, 48, 27, 33, 50 },
 { 35, 28, 94, 76, 24, 27, 65, 21, 83, 63 },
 { 22, 77, 36, 20, 15, 24, 64, 75, 69, 21 },
 { 51, 62, 79, 92, 74, 55, 40, 91, 72, 25 },
 { 94, 98, 95, 50, 36, 71, 67, 54, 82, 12 },
 { 17, 94, 79, 43, 15, 47, 19, 69, 74, 78 },
 { 43, 25, 93, 74, 17, 29, 81, 99, 20, 54 },
 { 76, 66, 14, 72, 17, 92, 95, 36, 98, 78 },
 { 39, 16, 34, 70, 11, 17, 21, 61, 81, 51 },
 { 56, 58, 96, 30, 65, 25, 64, 26, 88, 18 },
 { 55, 54, 74, 79, 23, 28, 50, 27, 52, 41 },
 { 85, 77, 11, 48, 68, 71, 21, 81, 14, 63 },
 { 89, 63, 21, 72, 80, 36, 59, 39, 96, 14 },
 { 45, 70, 83, 59, 88, 19, 99, 67, 24, 40 },
 { 52, 53, 93, 91, 21, 64, 12, 55, 69, 27 },
 { 44, 32, 91, 68, 64, 80, 94, 23, 19, 90 },
 { 27, 54, 22, 62, 65, 63, 34, 26, 30, 48 },
 { 18, 73, 91, 12, 26, 64, 66, 80, 19, 87 },
 { 98, 16, 71, 89, 74, 36, 31, 11, 92, 21 },
 { 81, 98, 34, 43, 64, 87, 29, 80, 69, 67 },
 { 89, 94, 58, 53, 20, 23, 19, 91, 84, 59 },
 { 51, 90, 82, 92, 27, 70, 23, 48, 72, 67 },
 { 21, 53, 65, 97, 48, 29, 46, 68, 62, 16 },
 { 35, 13, 10, 46, 56, 73, 59, 27, 26, 43 },
 { 76, 29, 86, 21, 65, 81, 53, 76, 58, 70 },
 { 74, 97, 90, 20, 27, 14, 78, 17, 41, 50 },
 { 63, 14, 99, 80, 30, 95, 19, 49, 81, 22 },
 { 98, 63, 69, 13, 39, 27, 73, 65, 76, 25 },
 { 38, 93, 81, 16, 98, 88, 47, 48, 13, 10 },
 { 46, 85, 95, 17, 86, 38, 89, 98, 36, 52 },
 { 58, 89, 21, 61, 80, 91, 87, 46, 67, 64 },
 { 36, 23, 46, 94, 73, 86, 52, 97, 88, 83 },
 { 30, 57, 69, 20, 46, 68, 98, 88, 78, 87 },
 { 62, 92, 30, 53, 41, 28, 72, 95, 54, 85 },
 { 93, 48, 58, 42, 84, 92, 19, 34, 75, 40 },
 { 81, 96, 12, 27, 26, 11, 67, 95, 50, 87 },
 { 70, 34, 28, 50, 97, 75, 94, 44, 31, 95 },
 { 55, 63, 89, 39, 47, 81, 48, 33, 56, 40 },
 { 66, 15, 43, 45, 31, 96, 12, 78, 46, 84 },
 { 65, 69, 70, 45, 19, 67, 73, 66, 64, 94 },
 { 61, 19, 57, 50, 48, 56, 32, 79, 40, 41 },
 { 97, 45, 74, 42, 29, 32, 44, 68, 80, 25 },
 { 89, 51, 60, 99, 70, 85, 65, 86, 79, 78 },
 { 95, 36, 28, 44, 12, 75, 72, 40, 11, 14 },
 { 21, 85, 11, 19, 53, 81, 34, 95, 84, 46 },
 { 94, 17, 32, 21, 93, 11, 51, 90, 31, 46 },
 { 34, 80, 10, 29, 17, 72, 21, 70, 39, 85 },
 { 55, 40, 94, 61, 73, 80, 56, 20, 26, 12 },
 { 27, 10, 75, 72, 64, 26, 23, 54, 47, 60 },
 { 40, 33, 92, 14, 62, 65, 78, 84, 56, 63 },
 { 92, 86, 19, 53, 59, 89, 61, 31, 67, 25 },
 { 48, 68, 52, 73, 32, 30, 38, 29, 98, 53 },
 { 53, 99, 19, 67, 26, 87, 51, 72, 12, 43 },
 { 20, 21, 48, 31, 62, 61, 53, 30, 76, 50 },
 { 80, 26, 34, 10, 65, 62, 30, 25, 35, 81 },
 { 44, 87, 97, 84, 91, 31, 48, 34, 41, 22 },
 { 35, 25, 74, 86, 68, 56, 73, 96, 95, 90 },
 { 30, 58, 17, 82, 78, 84, 13, 65, 15, 46 },
 { 61, 54, 96, 97, 45, 27, 46, 32, 21, 58 },
 { 57, 36, 84, 43, 56, 41, 20, 29, 89, 16 },
 { 71, 72, 64, 40, 54, 94, 25, 19, 21, 82 },
 { 56, 72, 36, 14, 32, 34, 31, 68, 94, 78 },
 { 13, 82, 24, 98, 38, 55, 19, 58, 97, 25 },
 { 81, 69, 41, 22, 23, 87, 89, 85, 60, 71 },
 { 93, 84, 59, 97, 16, 83, 80, 36, 91, 75 },
 { 14, 94, 57, 29, 55, 48, 36, 64, 58, 33 },
 { 41, 39, 92, 34, 13, 68, 73, 15, 33, 25 },
 { 98, 17, 75, 57, 76, 20, 37, 12, 64, 69 },
 { 58, 74, 88, 13, 22, 76, 29, 70, 10, 60 },
 { 61, 54, 84, 65, 22, 19, 57, 79, 42, 73 },
 { 39, 12, 10, 86, 40, 20, 76, 42, 74, 11 },
 { 85, 14, 51, 50, 78, 28, 70, 48, 80, 82 },
 { 10, 34, 29, 65, 99, 38, 74, 78, 33, 47 },
 { 18, 35, 47, 56, 65, 20, 32, 59, 46, 25 },
 { 61, 31, 81, 12, 72, 60, 82, 94, 62, 76 },
 { 22, 87, 95, 39, 48, 34, 14, 78, 57, 13 },
 { 86, 44, 13, 95, 61, 75, 79, 72, 21, 94 },
 { 85, 43, 38, 88, 67, 50, 32, 23, 62, 89 },
 { 37, 34, 47, 66, 72, 33, 32, 50, 80, 88 },
 { 89, 76, 91, 84, 28, 63, 61, 39, 20, 47 },
 { 34, 10, 87, 53, 12, 71, 66, 64, 56, 18 },
 { 91, 42, 55, 20, 14, 78, 17, 82, 96, 48 },
 { 35, 42, 37, 53, 57, 50, 83, 29, 49, 69 },
 { 29, 88, 23, 83, 60, 79, 48, 68, 87, 39 },
 { 11, 94, 67, 72, 44, 74, 82, 78, 32, 14 },
 { 26, 19, 57, 74, 22, 92, 55, 23, 24, 37 },
 { 64, 37, 20, 76, 68, 58, 44, 18, 50, 97 },
 { 12, 51, 65, 75, 47, 91, 19, 26, 76, 92 },
 { 82, 92, 63, 91, 28, 37, 46, 74, 51, 60 },
 { 63, 67, 87, 73, 43, 55, 84, 39, 25, 86 },
 { 37, 28, 89, 54, 93, 97, 64, 15, 73, 18 },
 { 49, 28, 72, 40, 46, 61, 38, 64, 88, 35 },
 { 31, 37, 61, 64, 45, 97, 56, 60, 83, 78 },
 { 72, 89, 33, 61, 86, 88, 66, 60, 58, 67 },
 { 78, 30, 98, 76, 82, 88, 49, 77, 36, 14 },
 { 49, 46, 92, 10, 29, 75, 40, 26, 64, 53 },
 { 13, 14, 72, 25, 62, 39, 55, 45, 89, 31 },
 { 79, 78, 32, 77, 17, 59, 97, 21, 98, 44 },
 { 23, 97, 88, 75, 26, 15, 70, 42, 31, 24 },
 { 45, 87, 48, 22, 50, 39, 67, 47, 81, 89 },
 { 26, 21, 73, 93, 28, 32, 53, 91, 83, 49 },
 { 66, 80, 37, 41, 58, 53, 99, 29, 48, 82 },
 { 95, 83, 70, 96, 20, 34, 25, 19, 15, 14 },
 { 35, 26, 40, 80, 96, 62, 85, 88, 97, 34 },
 { 54, 39, 24, 48, 50, 29, 99, 69, 67, 81 },
 { 26, 13, 51, 21, 61, 23, 45, 76, 32, 43 },
 { 19, 81, 73, 90, 78, 87, 37, 66, 47, 24 },
 { 72, 38, 72, 78, 19, 71, 99, 39, 53, 25 },
 { 42, 94, 36, 55, 70, 72, 83, 54, 37, 26 },
 { 64, 18, 51, 16, 86, 39, 43, 14, 38, 57 },
 { 39, 66, 47, 11, 45, 19, 73, 44, 48, 78 },
 { 60, 42, 34, 48, 87, 94, 72, 70, 49, 99 },
 { 49, 65, 18, 90, 71, 56, 81, 66, 61, 19 },
 { 24, 90, 38, 23, 53, 73, 32, 26, 69, 70 },
 { 56, 81, 64, 30, 13, 75, 92, 74, 76, 54 },
 { 75, 41, 62, 27, 64, 18, 99, 31, 70, 97 },
 { 73, 98, 20, 27, 33, 43, 95, 55, 65, 52 },
 { 36, 30, 33, 18, 60, 63, 59, 37, 17, 34 },
 { 30, 31, 14, 85, 39, 13, 16, 61, 73, 34 },
 { 34, 23, 13, 57, 18, 99, 12, 74, 91, 56 },
 { 36, 61, 79, 86, 76, 91, 75, 45, 77, 96 },
 { 66, 81, 96, 84, 49, 19, 20, 52, 95, 27 },
 { 99, 15, 88, 60, 70, 62, 25, 61, 51, 74 },
 { 11, 89, 51, 92, 27, 86, 70, 23, 53, 94 },
 { 11, 88, 95, 72, 60, 47, 67, 18, 26, 28 },
 { 23, 14, 40, 83, 28, 55, 96, 88, 58, 71 },
 { 90, 10, 22, 44, 27, 60, 66, 40, 65, 70 },
 { 86, 66, 58, 81, 90, 70, 80, 40, 38, 53 },
 { 63, 31, 37, 43, 38, 33, 84, 87, 94, 36 },
 { 87, 68, 70, 66, 81, 37, 96, 46, 97, 44 },
 { 13, 17, 25, 93, 39, 57, 69, 15, 94, 22 },
 { 30, 77, 11, 26, 15, 87, 10, 92, 43, 36 },
 { 41, 12, 58, 97, 83, 47, 55, 29, 96, 89 },
 { 84, 13, 66, 40, 94, 75, 95, 25, 81, 89 },
 { 90, 63, 66, 91, 79, 72, 78, 41, 26, 22 },
 { 67, 20, 76, 78, 17, 21, 25, 92, 22, 66 },
 { 39, 77, 33, 69, 34, 98, 26, 49, 41, 68 },
 { 39, 57, 34, 83, 36, 58, 23, 68, 37, 87 },
 { 87, 47, 63, 27, 16, 36, 43, 31, 81, 17 },
 { 88, 20, 46, 73, 41, 32, 33, 57, 72, 65 },
 { 77, 63, 22, 64, 46, 10, 60, 30, 11, 47 },
 { 70, 10, 63, 87, 17, 51, 82, 90, 32, 40 },
 { 94, 88, 65, 87, 20, 89, 97, 44, 16, 74 },
 { 98, 80, 38, 96, 42, 13, 56, 63, 66, 33 },
 { 67, 71, 20, 36, 22, 93, 78, 97, 44, 19 },
 { 53, 84, 36, 41, 57, 25, 90, 91, 83, 64 },
 { 51, 63, 55, 48, 96, 58, 56, 21, 24, 12 },
 { 44, 43, 35, 16, 69, 48, 99, 97, 96, 19 },
 { 50, 42, 45, 43, 89, 23, 33, 96, 88, 84 },
 { 60, 43, 84, 18, 53, 41, 29, 67, 63, 11 },
 { 69, 32, 31, 70, 66, 79, 41, 68, 21, 77 },
 { 12, 63, 90, 35, 58, 86, 75, 42, 98, 70 },
 { 27, 16, 23, 20, 87, 43, 15, 12, 96, 74 },
 { 34, 28, 95, 55, 51, 23, 86, 82, 59, 21 },
 { 46, 74, 11, 33, 32, 50, 99, 27, 10, 69 },
 { 96, 69, 45, 16, 56, 78, 21, 59, 74, 48 },
 { 83, 54, 43, 90, 57, 19, 38, 40, 53, 87 },
 { 13, 89, 62, 67, 74, 46, 17, 73, 63, 69 },
 { 95, 59, 38, 92, 27, 85, 70, 39, 96, 77 },
 { 41, 12, 72, 31, 60, 81, 21, 52, 86, 98 },
 { 55, 37, 22, 12, 59, 81, 74, 51, 84, 86 },
 { 41, 76, 13, 78, 98, 42, 74, 94, 71, 15 },
 { 97, 96, 88, 19, 39, 99, 61, 26, 60, 16 },
 { 53, 34, 81, 17, 83, 62, 45, 20, 65, 29 },
 { 96, 59, 58, 99, 37, 56, 94, 12, 51, 65 },
 { 69, 10, 61, 20, 19, 53, 71, 70, 83, 38 },
 { 74, 18, 19, 82, 53, 34, 27, 63, 51, 98 },
 { 59, 10, 56, 21, 38, 13, 15, 92, 54, 32 },
 { 61, 16, 84, 33, 25, 89, 95, 47, 58, 40 },
 { 75, 32, 48, 47, 14, 92, 33, 83, 55, 74 },
 { 82, 67, 37, 38, 78, 65, 93, 83, 57, 99 },
 { 15, 70, 51, 56, 82, 40, 29, 50, 81, 57 },
 { 35, 82, 94, 39, 74, 27, 75, 81, 53, 57 },
 { 10, 80, 47, 78, 45, 93, 23, 54, 92, 81 },
 { 77, 98, 84, 33, 80, 36, 62, 79, 69, 19 },
 { 14, 51, 13, 96, 77, 82, 71, 21, 35, 80 },
 { 21, 16, 79, 52, 13, 72, 65, 58, 98, 87 },
 { 25, 45, 20, 95, 22, 98, 57, 91, 67, 28 },
 { 96, 71, 31, 54, 48, 65, 25, 59, 91, 95 },
 { 33, 59, 74, 75, 62, 99, 92, 72, 64, 53 },
 { 59, 79, 88, 69, 36, 62, 67, 46, 53, 87 },
 { 64, 11, 58, 48, 55, 13, 32, 70, 56, 27 },
 { 93, 15, 54, 30, 68, 53, 74, 40, 69, 27 },
 { 90, 10, 15, 21, 36, 29, 41, 72, 35, 80 },
 { 89, 36, 90, 37, 44, 48, 92, 28, 18, 49 },
 { 98, 63, 16, 52, 45, 74, 57, 20, 67, 78 },
 { 37, 19, 78, 95, 82, 66, 24, 23, 91, 49 },
 { 55, 80, 38, 45, 69, 34, 84, 23, 52, 54 },
 { 24, 50, 70, 31, 54, 15, 57, 63, 25, 93 },
 { 15, 33, 71, 10, 16, 90, 24, 81, 26, 37 },
 { 23, 54, 72, 44, 40, 18, 57, 82, 63, 34 },
 { 85, 55, 39, 90, 12, 16, 27, 48, 21, 72 },
 { 73, 18, 62, 49, 52, 43, 65, 79, 71, 13 },
 { 52, 11, 74, 61, 46, 89, 85, 31, 40, 22 },
 { 64, 95, 67, 32, 22, 68, 43, 76, 40, 16 },
 { 47, 54, 56, 89, 49, 73, 30, 57, 45, 85 },
 { 99, 98, 59, 22, 44, 48, 65, 38, 40, 39 },
 { 85, 59, 61, 27, 95, 36, 19, 63, 73, 71 },
 { 24, 12, 45, 44, 59, 42, 29, 20, 40, 41 },
 { 33, 75, 41, 83, 92, 54, 21, 32, 45, 97 },
 { 82, 96, 56, 61, 53, 44, 71, 69, 17, 86 },
 { 40, 83, 89, 37, 27, 10, 69, 99, 73, 40 },
 { 58, 37, 33, 41, 29, 39, 14, 74, 63, 48 },
 { 71, 20, 61, 76, 16, 32, 45, 19, 59, 60 },
 { 13, 77, 22, 35, 38, 85, 30, 43, 24, 53 },
 { 74, 43, 83, 79, 99, 57, 42, 80, 14, 61 },
 { 57, 73, 45, 54, 49, 30, 98, 66, 86, 37 },
 { 79, 73, 65, 26, 98, 85, 60, 74, 91, 86 },
 { 69, 74, 27, 83, 60, 68, 64, 26, 81, 73 },
 { 89, 27, 90, 33, 10, 48, 26, 31, 21, 44 },
 { 47, 71, 81, 97, 45, 72, 46, 14, 98, 63 },
 { 73, 82, 75, 94, 98, 92, 71, 43, 54, 50 },
 { 34, 78, 50, 75, 30, 91, 51, 61, 87, 88 },
 { 32, 69, 48, 67, 41, 84, 34, 92, 99, 59 },
 { 74, 75, 15, 72, 29, 43, 95, 62, 87, 97 },
 { 48, 65, 10, 23, 85, 50, 67, 88, 12, 54 },
 { 39, 86, 23, 77, 16, 17, 92, 99, 22, 51 },
 { 73, 49, 57, 97, 68, 90, 54, 31, 77, 13 },
 { 31, 95, 13, 45, 80, 54, 12, 18, 56, 60 },
 { 56, 70, 37, 24, 39, 12, 16, 38, 76, 58 },
 { 63, 26, 15, 22, 84, 57, 66, 67, 34, 69 },
 { 89, 81, 35, 34, 24, 41, 88, 45, 49, 44 },
 { 95, 57, 66, 84, 72, 86, 40, 85, 24, 88 },
 { 48, 40, 55, 60, 77, 12, 78, 44, 89, 10 },
 { 33, 70, 35, 57, 84, 66, 45, 81, 67, 42 },
 { 76, 24, 60, 48, 56, 98, 79, 41, 23, 29 },
 { 42, 15, 75, 92, 82, 39, 71, 27, 80, 12 },
 { 13, 96, 22, 49, 24, 19, 31, 81, 51, 97 },
 { 57, 12, 20, 58, 70, 37, 13, 45, 18, 13 },
 { 45, 90, 85, 75, 61, 64, 17, 84, 67, 20 },
 { 42, 79, 60, 56, 88, 81, 89, 92, 40, 98 },
 { 94, 12, 56, 66, 73, 45, 31, 70, 54, 67 },
 { 73, 89, 19, 21, 26, 70, 75, 34, 16, 42 },
 { 44, 10, 73, 56, 18, 62, 89, 97, 16, 30 },
 { 95, 10, 84, 14, 28, 57, 49, 80, 55, 68 },
 { 53, 97, 77, 64, 23, 99, 92, 15, 86, 96 },
 { 67, 60, 52, 75, 74, 42, 72, 80, 24, 30 },
 { 42, 98, 34, 60, 18, 35, 61, 88, 81, 30 },
 { 93, 78, 59, 20, 53, 12, 26, 88, 11, 84 },
 { 10, 53, 59, 74, 47, 84, 16, 23, 14, 48 },
 { 74, 90, 60, 82, 77, 32, 20, 56, 50, 15 },
 { 49, 94, 64, 13, 99, 81, 54, 10, 27, 15 },
 { 76, 81, 15, 60, 87, 80, 26, 88, 54, 68 },
 { 10, 36, 46, 74, 20, 56, 82, 50, 97, 88 },
 { 89, 53, 52, 93, 14, 85, 47, 12, 71, 41 },
 { 34, 38, 91, 74, 19, 70, 62, 63, 24, 52 },
 { 74, 51, 24, 83, 33, 64, 42, 21, 16, 85 },
 { 26, 99, 89, 63, 98, 55, 66, 51, 78, 97 },
 { 76, 17, 50, 12, 78, 20, 26, 41, 11, 40 },
 { 45, 75, 81, 60, 20, 67, 76, 52, 78, 82 },
 { 89, 56, 81, 40, 20, 41, 47, 38, 83, 26 },
 { 87, 21, 85, 89, 23, 63, 62, 39, 56, 69 },
 { 92, 38, 13, 52, 11, 32, 80, 53, 62, 63 },
 { 95, 19, 96, 35, 81, 38, 71, 21, 51, 58 },
 { 32, 88, 47, 97, 51, 99, 36, 62, 57, 53 },
 { 22, 55, 16, 44, 36, 21, 97, 89, 68, 47 },
 { 94, 11, 75, 29, 72, 48, 32, 30, 20, 29 },
 { 23, 81, 55, 72, 95, 65, 24, 10, 39, 69 },
 { 16, 74, 95, 28, 33, 46, 86, 53, 84, 80 },
 { 54, 59, 61, 26, 60, 45, 98, 82, 55, 27 },
 { 12, 30, 60, 19, 93, 56, 36, 17, 18, 66 },
 { 38, 25, 40, 34, 95, 32, 81, 68, 24, 74 },
 { 80, 37, 90, 40, 73, 88, 22, 67, 76, 11 },
 { 80, 86, 94, 88, 22, 63, 96, 40, 91, 73 },
 { 70, 77, 68, 47, 10, 12, 67, 30, 78, 41 },
 { 10, 15, 83, 40, 33, 53, 21, 81, 22, 67 },
 { 68, 21, 42, 31, 69, 72, 22, 43, 95, 52 },
 { 63, 94, 14, 65, 62, 34, 95, 55, 35, 39 },
 { 65, 93, 62, 70, 14, 67, 52, 78, 90, 71 },
 { 46, 63, 13, 67, 33, 38, 42, 66, 85, 84 },
 { 29, 79, 88, 47, 41, 74, 94, 49, 99, 57 },
 { 78, 65, 51, 92, 87, 17, 60, 91, 86, 12 },
 { 63, 32, 66, 28, 52, 51, 18, 46, 17, 93 },
 { 82, 88, 73, 32, 87, 66, 96, 44, 15, 91 },
 { 45, 23, 42, 90, 62, 50, 12, 54, 88, 14 },
 { 69, 72, 32, 49, 24, 73, 58, 22, 42, 51 },
 { 94, 83, 76, 78, 32, 95, 75, 66, 10, 33 },
 { 58, 98, 52, 88, 60, 54, 90, 14, 42, 56 },
 { 35, 15, 79, 75, 81, 14, 33, 56, 47, 36 },
 { 50, 82, 65, 81, 14, 60, 56, 71, 22, 41 },
 { 81, 72, 39, 85, 60, 89, 92, 12, 56, 34 },
 { 59, 81, 91, 90, 18, 35, 94, 41, 93, 30 },
 { 83, 75, 47, 64, 42, 59, 72, 65, 71, 13 },
 { 98, 44, 42, 83, 56, 32, 75, 59, 40, 62 },
 { 18, 21, 15, 60, 30, 40, 54, 23, 73, 48 },
 { 95, 19, 75, 42, 73, 17, 91, 46, 34, 25 },
 { 11, 32, 21, 44, 16, 67, 28, 81, 78, 58 },
 { 95, 86, 31, 11, 46, 13, 93, 53, 27, 67 },
 { 53, 74, 38, 28, 17, 11, 88, 60, 99, 22 },
 { 75, 63, 45, 48, 97, 13, 16, 77, 46, 84 },
 { 87, 42, 33, 18, 95, 31, 74, 88, 53, 17 },
 { 79, 27, 45, 60, 86, 99, 48, 47, 22, 74 },
 { 23, 19, 75, 72, 74, 81, 11, 21, 27, 88 },
 { 15, 50, 59, 10, 34, 33, 60, 76, 20, 40 },
 { 93, 17, 90, 42, 68, 41, 29, 12, 67, 94 },
 { 74, 42, 29, 48, 23, 30, 59, 93, 19, 26 },
 { 43, 30, 26, 29, 53, 80, 81, 91, 20, 36 },
 { 60, 10, 68, 29, 90, 99, 54, 67, 56, 28 },
 { 61, 75, 67, 96, 78, 68, 95, 63, 87, 73 },
 { 83, 92, 25, 35, 45, 61, 96, 87, 82, 39 },
 { 43, 77, 45, 62, 33, 64, 24, 99, 83, 51 },
 { 57, 61, 71, 76, 56, 34, 63, 82, 69, 17 },
 { 36, 84, 42, 72, 71, 55, 68, 58, 37, 45 },
 { 49, 71, 74, 85, 33, 97, 11, 47, 58, 84 },
 { 50, 15, 97, 21, 43, 16, 46, 58, 88, 67 },
 { 65, 24, 14, 59, 86, 75, 67, 16, 94, 51 },
 { 87, 27, 25, 72, 13, 75, 35, 12, 33, 19 },
 { 53, 91, 17, 64, 86, 23, 62, 45, 63, 30 },
 { 10, 77, 86, 22, 64, 23, 79, 70, 61, 35 },
 { 74, 49, 53, 51, 73, 18, 78, 99, 20, 64 },
 { 18, 63, 17, 77, 80, 93, 52, 42, 38, 15 },
 { 24, 39, 83, 10, 13, 99, 82, 31, 37, 69 },
 { 57, 76, 74, 99, 50, 82, 77, 11, 93, 71 },
 { 18, 10, 49, 88, 94, 53, 31, 32, 59, 97 },
 { 23, 94, 98, 26, 55, 74, 60, 76, 11, 30 },
 { 34, 40, 94, 85, 80, 39, 24, 81, 84, 18 },
 { 52, 92, 18, 53, 43, 12, 97, 26, 87, 23 },
 { 10, 64, 73, 79, 71, 99, 39, 47, 63, 21 },
 { 33, 93, 68, 18, 73, 97, 85, 16, 81, 20 },
 { 35, 11, 26, 30, 66, 75, 46, 53, 45, 22 },
 { 15, 61, 85, 84, 32, 47, 76, 69, 10, 87 },
 { 55, 93, 63, 28, 14, 48, 86, 85, 96, 73 },
 { 57, 74, 93, 75, 49, 92, 80, 84, 14, 85 },
 { 45, 51, 32, 67, 88, 98, 89, 47, 44, 81 },
 { 93, 59, 99, 97, 60, 85, 45, 53, 44, 70 },
 { 62, 18, 63, 37, 20, 55, 17, 94, 59, 92 },
 { 63, 77, 21, 51, 37, 62, 40, 74, 96, 67 },
 { 18, 73, 27, 68, 20, 24, 54, 84, 36, 25 },
 { 99, 25, 35, 55, 33, 81, 66, 40, 73, 29 },
 { 17, 47, 71, 96, 99, 63, 70, 74, 90, 14 },
 { 99, 69, 34, 20, 83, 97, 64, 29, 85, 41 },
 { 28, 11, 66, 35, 86, 48, 54, 26, 73, 85 },
 { 20, 96, 81, 59, 13, 68, 86, 93, 34, 47 },
 { 62, 58, 57, 97, 17, 74, 78, 93, 15, 56 },
 { 72, 84, 42, 38, 20, 45, 12, 95, 18, 60 },
 { 38, 28, 72, 41, 48, 58, 87, 95, 11, 82 },
 { 15, 61, 51, 79, 39, 44, 46, 88, 90, 70 },
 { 73, 84, 42, 11, 94, 40, 65, 51, 48, 26 },
 { 79, 28, 88, 73, 66, 98, 60, 90, 55, 61 },
 { 34, 60, 74, 75, 39, 14, 72, 38, 92, 24 },
 { 98, 65, 99, 41, 29, 93, 33, 84, 97, 71 },
 { 10, 76, 89, 50, 49, 17, 48, 61, 97, 94 },
 { 75, 83, 16, 49, 58, 98, 15, 30, 36, 45 },
 { 34, 25, 96, 27, 44, 89, 50, 81, 86, 73 },
 { 43, 25, 62, 84, 26, 31, 78, 28, 40, 53 },
 { 11, 47, 54, 22, 97, 60, 42, 33, 58, 39 },
 { 19, 35, 37, 32, 77, 39, 65, 25, 13, 98 },
 { 40, 27, 44, 57, 49, 81, 87, 29, 21, 92 },
 { 83, 20, 46, 95, 17, 96, 89, 40, 16, 29 },
 { 12, 94, 16, 39, 26, 83, 30, 81, 99, 85 },
 { 41, 91, 13, 76, 10, 14, 57, 87, 33, 30 },
 { 79, 16, 41, 26, 63, 10, 74, 53, 93, 81 },
 { 34, 95, 37, 40, 86, 53, 24, 16, 75, 92 },
 { 79, 66, 57, 55, 29, 61, 64, 16, 84, 85 },
 { 48, 53, 78, 26, 16, 90, 21, 33, 45, 28 },
 { 60, 38, 14, 65, 21, 13, 79, 83, 97, 22 },
 { 90, 26, 35, 55, 85, 19, 92, 33, 24, 32 },
 { 11, 83, 62, 91, 94, 86, 77, 92, 14, 89 },
 { 30, 19, 17, 86, 82, 20, 27, 99, 55, 76 },
 { 73, 46, 93, 98, 53, 40, 69, 97, 25, 84 },
 { 29, 26, 67, 81, 69, 23, 46, 15, 34, 88 },
 { 87, 95, 73, 39, 15, 52, 38, 61, 29, 11 },
 { 59, 74, 61, 12, 14, 30, 99, 29, 66, 80 },
 { 97, 33, 61, 66, 99, 81, 65, 14, 15, 53 },
 { 54, 62, 48, 79, 91, 53, 32, 29, 66, 51 },
 { 82, 77, 25, 95, 41, 81, 92, 62, 72, 59 },
 { 67, 86, 25, 66, 80, 33, 34, 85, 77, 18 },
 { 77, 40, 58, 95, 43, 92, 73, 20, 87, 66 },
 { 53, 64, 59, 15, 98, 31, 26, 66, 17, 94 },
 { 84, 36, 17, 60, 22, 46, 98, 45, 75, 74 },
 { 47, 85, 32, 43, 77, 95, 15, 26, 23, 59 },
 { 81, 72, 26, 79, 94, 43, 97, 63, 89, 44 },
 { 90, 25, 13, 12, 37, 50, 11, 35, 57, 38 },
 { 99, 56, 24, 31, 51, 53, 78, 19, 70, 92 },
 { 68, 13, 64, 46, 44, 20, 79, 94, 36, 38 },
 { 78, 46, 41, 42, 35, 43, 60, 52, 34, 61 },
 { 10, 43, 64, 53, 22, 73, 75, 66, 41, 78 },
 { 82, 40, 75, 55, 71, 69, 81, 92, 97, 21 },
 { 38, 90, 53, 63, 34, 49, 24, 73, 36, 89 },
 { 73, 69, 54, 26, 43, 27, 99, 21, 32, 82 },
 { 13, 59, 37, 74, 28, 70, 66, 77, 81, 94 },
 { 68, 34, 20, 54, 73, 82, 46, 22, 72, 71 },
 { 81, 78, 88, 25, 57, 94, 76, 30, 26, 58 },
 { 33, 76, 47, 98, 56, 17, 64, 34, 50, 21 },
 { 92, 75, 31, 46, 10, 17, 28, 99, 29, 52 },
 { 70, 62, 82, 20, 77, 40, 14, 54, 22, 83 },
 { 64, 46, 21, 12, 96, 67, 71, 22, 91, 33 },
 { 45, 49, 16, 81, 75, 62, 48, 56, 66, 19 },
 { 19, 49, 29, 48, 41, 86, 92, 53, 69, 89 },
 { 80, 73, 47, 44, 60, 91, 56, 45, 36, 95 },
 { 52, 70, 97, 79, 32, 45, 36, 50, 16, 89 },
 { 88, 83, 30, 74, 38, 43, 47, 25, 23, 72 },
 { 63, 22, 16, 75, 13, 25, 20, 40, 72, 24 },
 { 62, 69, 94, 84, 67, 82, 34, 73, 27, 76 },
 { 61, 62, 58, 35, 90, 32, 30, 89, 10, 43 },
 { 61, 25, 56, 30, 90, 21, 45, 62, 13, 69 },
 { 77, 65, 91, 33, 11, 58, 15, 36, 31, 84 },
 { 64, 45, 46, 22, 32, 89, 97, 53, 40, 86 },
 { 54, 74, 94, 64, 68, 71, 78, 40, 55, 37 },
 { 31, 40, 38, 79, 45, 26, 63, 81, 80, 60 },
 { 28, 55, 82, 69, 52, 35, 99, 11, 74, 53 },
 { 75, 30, 27, 91, 88, 50, 69, 60, 81, 77 },
 { 87, 12, 17, 77, 44, 15, 94, 59, 86, 74 },
 { 19, 66, 29, 53, 35, 33, 79, 87, 34, 15 },
 { 40, 99, 87, 20, 52, 76, 60, 22, 88, 93 },
 { 89, 37, 58, 14, 54, 63, 98, 13, 50, 35 },
 { 74, 16, 27, 94, 40, 58, 81, 64, 63, 73 },
 { 26, 13, 45, 68, 79, 96, 42, 29, 51, 31 },
 { 56, 99, 42, 60, 53, 95, 59, 18, 97, 84 },
 { 82, 14, 90, 10, 60, 30, 20, 41, 47, 36 },
 { 66, 63, 39, 12, 83, 18, 60, 26, 37, 11 },
 { 99, 45, 11, 41, 95, 16, 89, 54, 25, 86 },
 { 90, 97, 52, 81, 59, 12, 63, 70, 95, 62 },
 { 96, 62, 77, 35, 26, 23, 95, 76, 39, 84 },
 { 77, 90, 29, 40, 84, 24, 47, 73, 31, 62 },
 { 59, 21, 64, 54, 71, 66, 70, 93, 24, 32 },
 { 89, 38, 62, 76, 54, 75, 71, 30, 66, 17 },
 { 97, 56, 88, 38, 92, 64, 37, 65, 85, 89 },
 { 77, 97, 10, 93, 13, 33, 59, 73, 26, 35 },
 { 58, 67, 63, 72, 43, 17, 47, 66, 89, 65 },
 { 35, 49, 73, 23, 77, 66, 78, 83, 63, 55 },
 { 22, 17, 15, 78, 93, 27, 13, 71, 52, 23 },
 { 39, 68, 85, 34, 37, 84, 53, 27, 49, 78 },
 { 66, 75, 54, 95, 41, 32, 61, 76, 47, 68 },
 { 51, 22, 75, 56, 90, 30, 35, 55, 92, 78 },
 { 69, 31, 98, 54, 17, 35, 91, 60, 52, 92 },
 { 39, 70, 67, 83, 65, 60, 78, 37, 14, 46 },
 { 78, 74, 86, 30, 94, 22, 76, 48, 52, 45 },
 { 31, 50, 89, 39, 75, 42, 80, 35, 50, 92 },
 { 25, 68, 53, 82, 98, 42, 49, 97, 72, 27 },
 { 71, 58, 48, 27, 70, 24, 28, 22, 21, 49 },
 { 24, 62, 78, 90, 95, 30, 32, 10, 34, 22 },
 { 26, 92, 27, 60, 53, 21, 99, 50, 83, 79 },
 { 73, 42, 79, 90, 64, 55, 70, 39, 66, 20 },
 { 53, 28, 50, 95, 23, 70, 27, 33, 52, 11 },
 { 96, 87, 61, 49, 99, 23, 89, 44, 92, 24 },
 { 76, 71, 67, 93, 26, 37, 32, 44, 47, 62 },
 { 88, 33, 38, 20, 12, 95, 16, 55, 96, 13 },
 { 43, 58, 14, 94, 33, 56, 90, 25, 70, 67 },
 { 48, 37, 60, 26, 65, 44, 64, 71, 74, 14 },
 { 94, 12, 77, 59, 88, 72, 65, 43, 69, 30 },
 { 38, 79, 87, 84, 12, 43, 75, 27, 65, 42 },
 { 27, 55, 54, 43, 72, 88, 93, 36, 59, 67 },
 { 93, 16, 70, 27, 20, 42, 82, 53, 63, 65 },
 { 82, 42, 52, 28, 44, 47, 93, 23, 12, 87 },
 { 40, 19, 41, 73, 81, 28, 70, 93, 86, 25 },
 { 61, 18, 85, 78, 28, 79, 22, 33, 43, 77 },
 { 67, 75, 29, 86, 72, 66, 79, 85, 31, 78 },
 { 92, 60, 51, 74, 94, 70, 96, 49, 18, 21 },
 { 10, 26, 58, 40, 96, 37, 52, 29, 32, 30 },
 { 49, 60, 35, 32, 68, 14, 69, 51, 33, 47 },
 { 43, 46, 51, 69, 92, 73, 65, 41, 81, 38 },
 { 93, 59, 86, 33, 17, 76, 75, 88, 98, 95 },
 { 37, 20, 97, 62, 42, 27, 29, 64, 68, 14 },
 { 63, 12, 66, 33, 94, 39, 50, 35, 72, 79 },
 { 28, 83, 65, 13, 90, 41, 79, 92, 36, 68 },
 { 12, 85, 83, 97, 64, 23, 32, 68, 76, 86 },
 { 33, 95, 71, 27, 34, 21, 15, 59, 90, 85 },
 { 42, 56, 89, 85, 49, 30, 26, 93, 84, 96 },
 { 42, 67, 93, 96, 83, 68, 29, 52, 44, 37 },
 { 39, 38, 16, 26, 49, 21, 37, 40, 59, 31 },
 { 48, 10, 16, 49, 30, 84, 43, 38, 69, 91 },
 { 32, 88, 84, 29, 72, 14, 48, 76, 67, 65 },
 { 40, 95, 71, 18, 44, 45, 97, 36, 94, 28 },
 { 36, 56, 87, 76, 38, 71, 66, 92, 62, 89 },
 { 43, 98, 70, 67, 12, 43, 50, 37, 42, 32 },
 { 31, 12, 28, 66, 99, 17, 60, 80, 43, 68 },
 { 29, 19, 96, 90, 80, 63, 45, 42, 14, 78 },
 { 40, 74, 45, 42, 44, 71, 90, 39, 55, 21 },
 { 94, 73, 78, 93, 80, 90, 35, 76, 59, 54 },
 { 85, 55, 97, 28, 18, 42, 22, 74, 72, 15 },
 { 48, 69, 99, 44, 96, 15, 89, 36, 22, 62 },
 { 30, 48, 40, 75, 80, 31, 63, 56, 42, 69 },
 { 94, 87, 66, 22, 58, 60, 86, 32, 84, 91 },
 { 33, 53, 91, 67, 52, 49, 35, 93, 75, 47 },
 { 56, 57, 85, 86, 66, 69, 48, 74, 63, 17 },
 { 68, 51, 36, 42, 61, 48, 29, 45, 85, 72 },
 { 68, 38, 25, 88, 43, 65, 23, 36, 92, 22 },
 { 82, 50, 60, 31, 87, 78, 52, 35, 16, 94 },
 { 21, 19, 82, 15, 32, 83, 34, 67, 68, 97 },
 { 88, 96, 74, 76, 39, 51, 28, 32, 63, 62 },
 { 34, 23, 45, 21, 91, 50, 98, 96, 56, 54 },
 { 69, 27, 89, 74, 11, 72, 99, 68, 40, 58 },
 { 18, 88, 32, 46, 80, 24, 87, 98, 13, 22 },
 { 32, 78, 58, 95, 98, 93, 28, 16, 99, 87 },
 { 85, 88, 61, 86, 22, 16, 14, 70, 25, 55 },
 { 55, 23, 35, 69, 11, 85, 67, 66, 97, 51 },
 { 44, 17, 46, 66, 67, 91, 73, 90, 85, 20 },
 { 41, 47, 96, 53, 21, 65, 20, 44, 42, 89 },
 { 55, 90, 20, 18, 37, 39, 74, 86, 80, 19 },
 { 94, 78, 37, 61, 69, 36, 87, 21, 97, 52 },
 { 20, 56, 58, 32, 21, 68, 66, 53, 85, 55 },
 { 98, 75, 27, 69, 64, 56, 43, 50, 36, 14 },
 { 96, 14, 94, 20, 35, 30, 97, 46, 41, 56 },
 { 51, 52, 12, 61, 36, 75, 81, 92, 80, 66 },
 { 47, 41, 93, 26, 10, 57, 72, 43, 59, 60 },
 { 10, 56, 26, 94, 66, 51, 76, 25, 49, 69 },
 { 71, 90, 73, 36, 13, 99, 63, 84, 91, 44 },
 { 50, 90, 37, 43, 16, 52, 78, 32, 12, 58 },
 { 16, 78, 76, 19, 54, 91, 59, 24, 62, 11 },
 { 87, 50, 15, 14, 89, 78, 48, 92, 31, 75 },
 { 87, 37, 64, 40, 68, 48, 94, 58, 71, 14 },
 { 27, 11, 80, 36, 56, 71, 47, 32, 85, 19 },
 { 36, 68, 58, 92, 57, 89, 11, 20, 29, 47 },
 { 83, 81, 15, 31, 75, 64, 54, 79, 43, 56 },
 { 59, 69, 64, 82, 86, 29, 70, 95, 17, 38 },
 { 16, 99, 47, 95, 91, 49, 15, 20, 90, 52 },
 { 55, 71, 20, 77, 46, 36, 83, 69, 91, 38 },
 { 55, 70, 59, 41, 89, 29, 59, 19, 95, 58 },
 { 57, 90, 12, 58, 95, 22, 10, 99, 30, 71 },
 { 19, 59, 69, 45, 42, 98, 14, 34, 95, 79 },
 { 56, 54, 73, 97, 36, 62, 45, 57, 67, 99 },
 { 69, 12, 56, 43, 17, 63, 35, 27, 22, 24 },
 { 55, 54, 81, 41, 40, 38, 72, 48, 82, 45 },
 { 46, 18, 97, 54, 16, 21, 60, 67, 80, 25 },
 { 23, 24, 27, 31, 39, 15, 10, 52, 76, 59 },
 { 68, 57, 52, 60, 47, 24, 99, 30, 97, 90 },
 { 19, 51, 58, 26, 63, 45, 95, 34, 59, 13 },
 { 42, 11, 70, 94, 15, 84, 32, 26, 14, 68 },
 { 64, 79, 82, 25, 99, 42, 22, 52, 14, 10 },
 { 30, 27, 71, 65, 22, 95, 76, 84, 61, 70 },
 { 47, 31, 26, 52, 15, 49, 68, 71, 81, 36 },
 { 36, 60, 70, 13, 22, 65, 26, 69, 80, 78 },
 { 51, 59, 50, 68, 33, 97, 69, 58, 67, 16 },
 { 80, 46, 58, 47, 85, 78, 19, 28, 14, 97 },
 { 40, 37, 10, 52, 92, 78, 30, 61, 58, 99 },
 { 64, 69, 11, 32, 93, 98, 29, 24, 19, 49 },
 { 31, 89, 85, 41, 88, 32, 20, 97, 12, 76 },
 { 56, 42, 13, 57, 47, 95, 87, 67, 18, 46 },
 { 28, 34, 67, 29, 57, 22, 80, 38, 37, 89 },
 { 77, 58, 40, 24, 89, 28, 98, 61, 78, 10 },
 { 38, 34, 43, 41, 42, 89, 31, 61, 59, 29 },
 { 80, 84, 86, 61, 93, 31, 88, 82, 98, 74 },
 { 75, 49, 93, 36, 11, 71, 91, 57, 31, 84 },
 { 91, 25, 73, 22, 77, 85, 41, 57, 31, 79 },
 { 70, 24, 40, 26, 97, 28, 98, 58, 78, 35 },
 { 86, 28, 22, 81, 51, 10, 72, 98, 84, 56 },
 { 89, 99, 82, 63, 76, 29, 94, 85, 50, 74 },
 { 18, 26, 14, 34, 23, 85, 84, 63, 19, 72 },
 { 43, 89, 46, 76, 40, 10, 91, 82, 57, 42 },
 { 82, 91, 96, 20, 90, 58, 22, 26, 66, 83 },
 { 90, 65, 68, 36, 89, 83, 46, 23, 79, 87 },
 { 59, 55, 80, 96, 56, 71, 78, 65, 13, 22 },
 { 18, 61, 33, 80, 52, 81, 92, 30, 99, 44 },
 { 13, 51, 99, 71, 77, 17, 75, 64, 86, 63 },
 { 24, 93, 43, 72, 49, 14, 12, 66, 69, 25 },
 { 74, 31, 10, 54, 35, 43, 98, 17, 42, 21 },
 { 45, 42, 44, 22, 51, 88, 99, 89, 75, 83 },
 { 84, 47, 50, 13, 71, 27, 77, 54, 79, 41 },
 { 22, 82, 49, 16, 25, 60, 51, 19, 56, 63 },
 { 54, 60, 13, 15, 49, 43, 84, 90, 80, 31 },
 { 92, 82, 34, 64, 61, 63, 70, 40, 47, 12 },
 { 52, 30, 13, 20, 97, 63, 61, 16, 71, 77 },
 { 22, 31, 80, 79, 71, 87, 17, 39, 55, 38 },
 { 32, 89, 24, 86, 51, 78, 18, 81, 25, 20 },
 { 86, 45, 23, 96, 94, 38, 20, 10, 49, 74 },
 { 83, 81, 16, 68, 80, 24, 98, 35, 14, 82 },
 { 25, 29, 30, 28, 97, 38, 99, 22, 11, 85 },
 { 20, 24, 44, 14, 15, 16, 67, 55, 41, 50 },
 { 36, 99, 19, 57, 80, 33, 17, 67, 37, 89 },
 { 44, 56, 19, 62, 53, 99, 24, 66, 10, 61 },
 { 38, 77, 95, 42, 44, 11, 99, 18, 93, 13 },
 { 45, 92, 22, 34, 97, 61, 54, 35, 50, 88 },
 { 43, 21, 13, 87, 20, 27, 15, 73, 40, 50 },
 { 88, 75, 84, 51, 37, 47, 60, 30, 50, 57 },
 { 74, 25, 49, 99, 22, 62, 53, 12, 93, 43 },
 { 75, 58, 30, 47, 37, 87, 20, 68, 82, 60 },
 { 56, 19, 96, 97, 46, 43, 66, 93, 61, 67 },
 { 92, 35, 29, 97, 83, 52, 68, 58, 11, 50 },
 { 96, 38, 89, 68, 58, 71, 81, 14, 80, 77 },
 { 64, 27, 73, 45, 19, 92, 38, 32, 59, 82 },
 { 19, 79, 41, 96, 62, 84, 64, 73, 47, 66 },
 { 31, 37, 55, 89, 86, 26, 32, 52, 59, 10 },
 { 16, 76, 35, 42, 73, 96, 34, 12, 28, 83 },
 { 46, 89, 24, 78, 86, 39, 12, 64, 23, 69 },
 { 85, 50, 76, 36, 88, 55, 59, 41, 14, 21 },
 { 99, 80, 46, 93, 15, 42, 79, 17, 22, 25 },
 { 16, 11, 39, 84, 49, 30, 60, 52, 73, 21 },
 { 31, 75, 49, 58, 64, 94, 69, 57, 98, 80 },
 { 56, 40, 78, 12, 46, 20, 81, 15, 32, 96 },
 { 21, 85, 36, 95, 35, 56, 17, 77, 93, 80 },
 { 50, 24, 18, 89, 72, 84, 93, 29, 44, 73 },
 { 37, 75, 51, 39, 21, 23, 78, 97, 69, 90 },
 { 83, 95, 85, 70, 14, 55, 99, 97, 35, 49 },
 { 73, 95, 90, 98, 67, 36, 91, 48, 71, 27 },
 { 38, 98, 30, 29, 71, 44, 92, 49, 93, 62 },
 { 39, 76, 19, 77, 98, 23, 32, 97, 72, 98 },
 { 15, 51, 96, 34, 77, 49, 35, 10, 66, 25 },
 { 98, 49, 44, 31, 83, 89, 71, 76, 51, 62 },
 { 15, 60, 39, 65, 36, 23, 63, 85, 58, 52 },
 { 64, 16, 76, 42, 56, 63, 94, 74, 78, 55 },
 { 23, 75, 76, 58, 64, 99, 87, 15, 62, 54 },
 { 27, 53, 19, 15, 29, 72, 28, 14, 48, 38 },
 { 56, 12, 45, 84, 44, 53, 48, 91, 79, 78 },
 { 46, 93, 53, 22, 13, 69, 90, 36, 44, 16 },
 { 41, 54, 21, 60, 78, 39, 64, 26, 68, 72 },
 { 81, 65, 57, 77, 18, 95, 68, 87, 35, 14 },
 { 42, 41, 79, 46, 10, 91, 36, 89, 33, 95 },
 { 20, 39, 16, 71, 69, 98, 87, 48, 66, 60 },
 { 29, 31, 17, 96, 91, 64, 27, 40, 89, 73 },
 { 82, 10, 71, 83, 53, 59, 72, 32, 29, 95 },
 { 73, 35, 66, 43, 85, 53, 51, 65, 62, 34 },
 { 72, 20, 77, 88, 37, 18, 40, 21, 43, 22 },
 { 21, 14, 57, 27, 63, 81, 11, 98, 10, 96 },
 { 71, 88, 62, 66, 73, 68, 99, 77, 85, 23 },
 { 63, 58, 86, 41, 98, 23, 11, 38, 44, 13 },
 { 98, 10, 60, 77, 25, 94, 78, 23, 75, 47 },
 { 44, 89, 65, 18, 57, 27, 47, 95, 40, 10 },
 { 15, 26, 41, 13, 92, 94, 78, 90, 97, 38 },
 { 90, 19, 15, 68, 13, 84, 81, 60, 59, 80 },
 { 94, 10, 46, 64, 20, 63, 11, 15, 55, 34 },
 { 57, 23, 26, 52, 17, 94, 42, 66, 85, 76 },
 { 90, 53, 41, 36, 86, 47, 29, 10, 48, 65 },
 { 64, 58, 80, 28, 63, 87, 44, 73, 21, 91 },
 { 48, 89, 43, 18, 46, 38, 74, 31, 75, 12 },
 { 73, 80, 44, 10, 66, 87, 47, 85, 12, 14 },
 { 95, 44, 84, 58, 28, 83, 19, 32, 85, 15 },
 { 92, 31, 95, 66, 14, 70, 69, 77, 50, 65 },
 { 77, 68, 14, 16, 54, 62, 18, 58, 20, 15 },
 { 94, 68, 89, 22, 14, 46, 83, 88, 50, 80 },
 { 66, 45, 46, 70, 67, 48, 69, 84, 77, 38 },
 { 89, 54, 44, 43, 69, 14, 53, 79, 71, 47 },
 { 99, 60, 21, 13, 97, 94, 91, 80, 33, 47 },
 { 42, 70, 69, 10, 89, 31, 74, 47, 59, 63 },
 { 91, 55, 58, 22, 11, 83, 48, 53, 44, 21 },
 { 56, 93, 15, 10, 35, 12, 33, 34, 97, 55 },
 { 94, 59, 97, 63, 80, 71, 10, 92, 86, 54 },
 { 47, 44, 28, 59, 97, 20, 43, 45, 25, 39 },
 { 56, 71, 84, 23, 33, 19, 78, 44, 37, 26 },
 { 90, 86, 23, 53, 28, 46, 16, 20, 32, 22 },
 { 20, 28, 40, 31, 25, 12, 26, 22, 27, 55 },
 { 30, 51, 39, 96, 74, 11, 45, 63, 62, 35 },
 { 49, 75, 40, 29, 22, 46, 96, 20, 12, 77 },
 { 51, 33, 92, 15, 50, 67, 57, 87, 74, 49 },
 { 45, 10, 50, 71, 46, 47, 34, 60, 35, 26 },
 { 55, 99, 25, 47, 96, 35, 49, 38, 34, 79 },
 { 44, 36, 46, 67, 84, 86, 93, 85, 31, 55 },
 { 35, 93, 53, 34, 27, 13, 20, 91, 36, 60 },
 { 90, 13, 97, 48, 39, 98, 73, 67, 32, 53 },
 { 63, 59, 51, 30, 95, 37, 75, 80, 21, 83 },
 { 67, 66, 36, 91, 45, 92, 63, 50, 51, 10 },
 { 87, 55, 97, 36, 46, 95, 61, 65, 80, 66 }
}
